 1850 -1.646 -0.226 -0.447 -0.742 -0.542  0.070 -0.580 -0.287 -0.226 -0.281 -0.381  0.208 -0.423
 1850      3      3      3      3      2      2      3      3      2      2      2      2
 1851  0.497  0.218 -0.656  0.328 -0.341 -0.149 -0.031  0.346  0.005  0.562 -0.490 -0.648 -0.030
 1851      3      3      3      3      3      3      3      3      3      3      3      3
 1852 -0.191  0.123 -0.060 -0.908 -0.088 -0.127 -0.004 -0.379 -0.198 -0.734 -0.485  0.560 -0.208
 1852      3      3      3      3      3      3      3      3      3      3      3      3
 1853  0.079 -0.831 -1.303 -0.602 -0.303 -0.325  0.263  0.119 -0.383 -0.062 -0.338 -0.780 -0.372
 1853      3      3      3      3      3      3      3      3      3      3      3      3
 1854 -0.256  0.293 -0.011 -0.044  0.420  0.013  0.500  0.357  0.160  0.364 -0.665  0.109  0.103
 1854      3      3      3      3      3      3      3      3      3      3      3      3
 1855  0.279 -1.100 -0.463  0.447  0.267  0.164  0.248  0.204 -0.194  0.179 -0.508 -1.098 -0.131
 1855      3      3      3      3      3      3      3      3      3      3      3      3
 1856 -0.386 -0.550 -0.717  0.259 -0.405  0.230 -0.330 -0.051 -0.327 -0.466 -1.251 -0.302 -0.358
 1856      4      4      4      4      4      4      4      4      4      3      3      3
 1857 -0.974  0.366 -0.507 -0.901 -0.734 -0.073  0.092  0.167 -0.149 -0.329 -0.568  0.602 -0.251
 1857      4      4      4      4      4      4      4      4      4      4      4      4
 1858  0.254 -0.960 -0.447 -0.260 -0.310  0.113 -0.441 -0.411 -0.466 -0.081 -1.393 -0.311 -0.393
 1858      4      4      4      4      4      4      4      4      4      4      4      4
 1859 -0.240 -0.157 -0.215 -0.139 -0.062 -0.153 -0.130 -0.202 -0.689 -0.037 -0.394 -0.781 -0.267
 1859      4      4      4      4      4      4      4      4      4      4      4      4
 1860  0.280 -0.695 -0.902 -0.348 -0.282  0.067 -0.142 -0.020 -0.259 -0.150 -0.833 -0.981 -0.355
 1860      4      4      4      4      4      4      4      4      4      4      4      4
 1861 -1.194  0.161  0.123 -0.386 -0.785  0.180 -0.317 -0.236 -0.269 -0.219 -0.555 -0.262 -0.313
 1861      4      4      4      4      4      4      4      4      4      4      4      4
 1862 -0.890 -1.127 -0.279 -0.319 -0.232 -0.324 -0.535 -0.812 -0.390 -0.584 -0.786 -0.766 -0.587
 1862      4      4      4      4      4      4      4      4      4      4      4      4
 1863  0.751  0.155 -0.470 -0.361 -0.345 -0.430 -0.465 -0.518 -0.708 -0.657 -0.560 -0.360 -0.331
 1863      3      4      4      4      4      3      3      3      3      3      4      3
 1864 -1.208 -0.679 -0.529 -0.602 -0.475 -0.076 -0.148 -0.628 -0.218 -1.087 -0.894 -0.874 -0.618
 1864      4      4      4      4      4      4      4      4      4      4      4      4
 1865 -0.312 -1.025 -0.970  0.008 -0.219 -0.038 -0.003 -0.333  0.170 -0.501  0.045 -0.492 -0.306
 1865      4      4      4      4      4      4      4      4      4      4      4      4
 1866  0.243 -0.380 -0.776 -0.165 -0.490 -0.157 -0.247 -0.471 -0.106 -0.624 -0.772 -0.396 -0.362
 1866      4      4      4      4      4      4      4      4      4      4      4      4
 1867 -0.528  0.391 -1.350 -0.351 -0.730 -0.177 -0.372 -0.187 -0.079 -0.071 -0.484 -0.672 -0.384
 1867      4      4      4      4      4      4      4      4      4      4      4      4
 1868 -1.173 -0.796 -0.149 -0.579  0.159  0.022  0.193 -0.089 -0.340 -0.121 -0.727 -0.242 -0.320
 1868      4      4      4      4      4      4      4      5      5      4      5      5
 1869  0.033  0.424 -0.874 -0.296 -0.383 -0.273 -0.340  0.011 -0.081 -0.910 -0.507 -0.183 -0.282
 1869      5      5      5      5      5      5      5      5      5      5      5      5
 1870  0.259 -0.440 -0.948 -0.301 -0.006  0.332  0.069 -0.637 -0.169 -0.198 -0.118 -1.280 -0.286
 1870      5      5      5      5      5      5      5      5      5      5      5      5
 1871 -0.608 -0.797 -0.102 -0.227 -0.297 -0.192  0.065  0.159 -0.442 -0.662 -1.028 -0.796 -0.411
 1871      5      5      5      5      5      5      5      5      5      5      5      5
 1872  0.095 -0.253 -0.380 -0.123 -0.081  0.063 -0.056 -0.511 -0.055 -0.119 -0.319 -0.485 -0.185
 1872      5      5      5      5      5      5      5      5      5      5      5      5
 1873 -0.100 -0.614 -0.459 -0.799 -0.287  0.425 -0.225  0.123 -0.161 -0.272 -0.709  0.070 -0.251
 1873      6      6      6      5      6      6      6      6      6      6      6      5
 1874  0.176 -0.573 -0.884 -0.392 -0.767 -0.245 -0.196 -0.177 -0.141 -0.275 -0.793 -0.224 -0.374
 1874      6      6      6      6      6      6      6      6      6      6      6      6
 1875 -0.851 -1.116 -1.169 -0.603 -0.175 -0.178 -0.215 -0.256 -0.445 -0.594 -0.848 -0.466 -0.576
 1875      6      6      6      6      6      6      6      6      6      6      6      6
 1876 -0.074 -0.012 -0.229 -0.160 -0.335 -0.097  0.202 -0.193 -0.008 -0.264 -0.963 -0.947 -0.257
 1876      7      7      7      7      7      7      7      7      7      7      7      7
 1877 -0.027  0.165 -0.378 -0.444 -0.746 -0.007  0.339  0.288 -0.244 -0.277  0.087  0.198 -0.087
 1877      6      7      7      7      7      7      7      7      7      7      7      7
 1878 -0.099  0.264  0.600  0.452 -0.384 -0.143  0.080  0.069  0.345  0.219  0.142 -0.635  0.076
 1878      7      7      7      7      7      7      7      7      7      7      7      7
 1879 -0.331 -0.363 -0.323 -0.411 -0.472 -0.471 -0.209 -0.239 -0.167 -0.155 -0.595 -0.854 -0.383
 1879      7      7      7      7      7      7      7      7      7      7      7      7
 1880  0.233 -0.101 -0.282 -0.163 -0.065  0.034 -0.101  0.290 -0.079 -0.780 -0.758 -0.274 -0.171
 1880      8      8      7      8      8      8      8      8      7      8      8      8
 1881 -1.010 -0.437 -0.550 -0.342  0.046 -0.518 -0.300 -0.090  0.029 -0.457 -0.458  0.313 -0.315
 1881      8      8      8      8      8      8      8      8      8      8      8      8
 1882  0.640  0.153  0.269 -0.450 -0.551 -0.511 -0.397  0.061  0.107 -0.110 -0.429 -0.588 -0.150
 1882      8      8      8      9      9      8      9      9      8      9      8      8
 1883 -0.699 -0.667 -0.732 -0.505 -0.446  0.217 -0.191 -0.333 -0.492 -0.453 -0.455 -0.252 -0.417
 1883      8      8      8      9      9      8      9      8      9      8      8      8
 1884 -0.513 -0.338 -0.571 -0.828 -0.878 -0.604 -0.576  0.031 -0.267 -0.386 -0.758 -0.604 -0.524
 1884      9      9      9      9      9      9      9      9      9      9      9      8
 1885 -1.001 -0.663 -0.846 -0.773 -0.696 -0.602 -0.366 -0.423 -0.187 -0.296 -0.284  0.081 -0.505
 1885      9      9      9      9      9      9      9      9      9      9      9      9
 1886 -0.547 -0.776 -0.641 -0.157 -0.357 -0.537 -0.287 -0.321 -0.160 -0.634 -0.361 -0.310 -0.424
 1886      9      9      9      9      9      9      9      9      9      9      9      9
 1887 -0.444 -0.720 -0.440 -0.530 -0.568 -0.395 -0.310 -0.358 -0.430 -0.756 -0.657 -0.528 -0.511
 1887      9     10      9      9      9      9      9     10     10     10      9      9
 1888 -0.910 -0.854 -1.267 -0.249 -0.708 -0.302 -0.346 -0.373 -0.146 -0.322 -0.272 -0.096 -0.487
 1888     10     10     10     10     10     10     10     10     10     10     10     10
 1889 -0.338 -0.309 -0.156 -0.015  0.072 -0.216 -0.347 -0.495 -0.575 -0.302 -0.591  0.138 -0.261
 1889     10     10     10     10     10     10     10     10     10     10     10     10
 1890 -0.117 -0.466 -0.495 -0.255 -0.632 -0.251 -0.596 -0.569 -0.347 -0.598 -0.727 -0.623 -0.473
 1890     11     11     11     11     11     11     11     11     11     11     11     11
 1891 -0.938 -0.928 -0.715 -0.695 -0.412 -0.440 -0.589 -0.608 -0.331 -0.536 -0.735 -0.006 -0.578
 1891     11     11     11     11     11     11     11     11     11     11     11     11
 1892 -0.660 -0.069 -0.608 -0.817 -0.820 -0.497 -0.519 -0.356 -0.447 -0.551 -0.680 -1.179 -0.600
 1892     11     11     11     11     11     11     11     11     11     11     11     11
 1893 -1.722 -1.314 -0.624 -0.698 -0.735 -0.635 -0.239 -0.442 -0.559 -0.339 -0.538 -0.373 -0.685
 1893     11     11     11     11     12     11     11     12     12     12     12     12
 1894 -0.505 -0.561 -0.339 -0.519 -0.719 -0.674 -0.574 -0.508 -0.858 -0.451 -0.358 -0.430 -0.541
 1894     12     12     12     12     12     12     12     12     12     12     12     12
 1895 -1.002 -1.341 -0.729 -0.489 -0.527 -0.347 -0.771 -0.331 -0.225 -0.299 -0.444 -0.199 -0.559
 1895     12     12     12     12     12     12     12     12     12     12     12     12
 1896 -0.259 -0.344 -0.707 -0.698 -0.454 -0.392 -0.327 -0.398 -0.309 -0.028 -0.737 -0.014 -0.389
 1896     12     12     12     12     12     12     12     12     12     12     12     12
 1897 -0.577 -0.360 -0.687 -0.007 -0.196 -0.099 -0.181 -0.365 -0.164 -0.336 -0.352 -0.401 -0.310
 1897     13     12     13     13     13     13     13     13     13     13     13     13
 1898  0.190 -0.412 -1.034 -0.642 -0.736 -0.178 -0.366 -0.222 -0.157 -0.552 -0.406 -0.125 -0.387
 1898     13     13     13     13     13     13     13     13     13     13     13     13
 1899 -0.290 -0.606 -0.617 -0.203 -0.501 -0.553 -0.306 -0.269 -0.015 -0.326  0.150 -0.401 -0.328
 1899     13     13     13     13     13     13     13     13     13     13     13     13
 1900 -0.339 -0.260 -0.421 -0.368 -0.271  0.047 -0.263 -0.201 -0.267  0.191 -0.126  0.095 -0.182
 1900     13     13     13     13     13     13     13     13     13     13     13     13
 1901 -0.248 -0.460 -0.269 -0.185 -0.148  0.023 -0.117 -0.137 -0.080 -0.204 -0.201 -0.310 -0.195
 1901     14     14     14     14     14     14     14     14     14     14     14     14
 1902 -0.069 -0.109 -0.261 -0.353 -0.304 -0.236 -0.384 -0.559 -0.413 -0.484 -0.423 -0.675 -0.356
 1902     14     14     14     14     14     14     14     14     14     14     14     14
 1903 -0.146  0.016 -0.131 -0.525 -0.533 -0.526 -0.473 -0.468 -0.375 -0.536 -0.596 -0.766 -0.422
 1903     14     14     14     14     14     14     14     14     14     14     14     14
 1904 -0.817 -0.762 -0.878 -0.437 -0.529 -0.464 -0.476 -0.491 -0.529 -0.469 -0.312 -0.485 -0.554
 1904     14     14     14     14     14     14     14     14     14     14     14     14
 1905 -0.552 -1.160 -0.492 -0.607 -0.411 -0.182 -0.409 -0.387 -0.327 -0.562 -0.144 -0.107 -0.445
 1905     15     15     15     15     15     15     15     15     15     15     15     15
 1906  0.073 -0.330 -0.516  0.091 -0.040 -0.180 -0.214 -0.262 -0.375 -0.291 -0.651 -0.261 -0.246
 1906     15     15     15     15     15     15     15     15     15     15     15     15
 1907 -0.622 -0.677 -0.525 -0.845 -0.891 -0.647 -0.495 -0.593 -0.424 -0.207 -0.721 -0.548 -0.600
 1907     16     16     16     16     16     16     16     16     16     16     16     16
 1908 -0.205 -0.409 -0.728 -0.527 -0.450 -0.421 -0.404 -0.584 -0.399 -0.668 -0.641 -0.391 -0.486
 1908     16     16     16     16     16     16     16     16     16     16     16     16
 1909 -0.602 -0.679 -0.723 -0.757 -0.783 -0.333 -0.411 -0.033 -0.199 -0.182 -0.179 -0.707 -0.466
 1909     16     16     16     16     16     16     16     16     16     16     16     16
 1910 -0.173 -0.401 -0.369 -0.258 -0.316 -0.219 -0.226 -0.166 -0.147 -0.463 -0.757 -0.645 -0.345
 1910     16     16     16     16     17     16     16     16     17     16     16     16
 1911 -0.578 -0.863 -0.718 -0.698 -0.452 -0.537 -0.308 -0.319 -0.357 -0.391 -0.173 -0.054 -0.454
 1911     17     17     17     17     17     17     17     17     17     17     17     17
 1912 -0.334 -0.015 -0.403 -0.359 -0.313 -0.106 -0.563 -0.590 -0.571 -0.643 -0.513 -0.224 -0.386
 1912     17     17     17     17     17     17     17     17     17     17     17     17
 1913 -0.254 -0.567 -0.619 -0.218 -0.799 -0.603 -0.225 -0.207 -0.339 -0.352  0.106  0.162 -0.326
 1913     17     17     17     17     17     17     17     17     17     17     17     17
 1914  0.405  0.110 -0.113 -0.225 -0.096 -0.015 -0.145 -0.135 -0.190 -0.034 -0.262 -0.273 -0.081
 1914     17     17     17     17     17     17     17     17     17     17     17     17
 1915 -0.113  0.358 -0.482  0.088 -0.311 -0.251  0.063 -0.163  0.011 -0.183 -0.028 -0.143 -0.096
 1915     17     17     17     17     17     17     17     17     17     17     17     17
 1916  0.008 -0.076 -0.548 -0.312 -0.313 -0.508 -0.295 -0.286 -0.237 -0.345 -0.534 -0.843 -0.357
 1916     17     17     17     17     17     17     17     17     17     17     17     17
 1917 -0.548 -1.193 -1.069 -0.748 -1.146 -0.419 -0.121 -0.447 -0.250 -0.608 -0.409 -1.057 -0.668
 1917     17     17     17     17     17     17     17     17     17     17     17     17
 1918 -0.844 -0.639 -0.580 -0.606 -0.738 -0.343 -0.511 -0.395 -0.366  0.000 -0.309 -0.234 -0.464
 1918     17     17     17     17     17     17     17     17     17     17     17     17
 1919 -0.052 -0.221 -0.429 -0.021 -0.294 -0.072 -0.227 -0.280 -0.188 -0.328 -0.715 -0.373 -0.267
 1919     17     17     17     17     17     17     17     16     16     16     16     16
 1920 -0.188 -0.434 -0.211 -0.365 -0.268 -0.271 -0.197 -0.286 -0.134 -0.397 -0.489 -0.448 -0.307
 1920     16     17     16     16     17     17     17     16     16     17     17     16
 1921  0.144 -0.190 -0.126 -0.139  0.069  0.036 -0.071 -0.393 -0.198 -0.292 -0.553 -0.201 -0.160
 1921     17     17     17     17     18     17     18     17     17     18     18     18
 1922 -0.548 -0.419 -0.329 -0.049 -0.218 -0.239 -0.276 -0.311 -0.172 -0.292 -0.135 -0.192 -0.265
 1922     18     18     18     18     18     18     18     18     18     18     18     18
 1923  0.012 -0.482 -0.289 -0.587 -0.365 -0.257 -0.542 -0.535 -0.281 -0.244  0.006  0.111 -0.288
 1923     18     18     18     18     18     18     18     18     18     19     18     18
 1924 -0.434 -0.485 -0.472 -0.652 -0.395 -0.186 -0.220 -0.265 -0.162 -0.227 -0.290 -0.653 -0.370
 1924     19     19     19     19     19     18     19     19     19     19     19     19
 1925 -0.486 -0.165 -0.289 -0.172 -0.428 -0.315 -0.453 -0.148 -0.385 -0.551 -0.118  0.149 -0.280
 1925     19     19     19     19     19     19     19     19     19     19     19     19
 1926  0.288  0.500  0.072 -0.243 -0.540 -0.131 -0.208 -0.045 -0.033 -0.060  0.028 -0.432 -0.067
 1926     19     19     19     20     20     20     20     20     20     20     20     20
 1927 -0.209 -0.176 -0.321 -0.396 -0.490 -0.252 -0.131 -0.229 -0.057  0.130 -0.015 -0.728 -0.239
 1927     20     20     20     20     20     20     20     20     20     20     20     20
 1928 -0.047 -0.178 -0.393 -0.153 -0.376 -0.524 -0.120 -0.109 -0.019 -0.054  0.103 -0.061 -0.161
 1928     20     20     20     20     20     20     20     20     20     20     20     20
 1929 -0.514 -1.032 -0.468 -0.593 -0.488 -0.385 -0.426 -0.240 -0.278 -0.039 -0.045 -0.613 -0.427
 1929     20     20     20     20     20     20     20     20     20     20     20     20
 1930 -0.390 -0.078 -0.085 -0.165 -0.280  0.023 -0.046 -0.122 -0.206 -0.283  0.044 -0.099 -0.141
 1930     20     20     20     20     20     20     20     20     20     20     20     20
 1931 -0.006 -0.296 -0.241 -0.380 -0.348 -0.029  0.017 -0.002 -0.149  0.047 -0.297  0.064 -0.135
 1931     21     21     21     21     21     21     21     21     21     21     21     21
 1932  0.712 -0.343 -0.488  0.020 -0.226 -0.187 -0.033 -0.147  0.015  0.001 -0.173 -0.116 -0.080
 1932     21     21     21     21     21     21     21     21     21     21     21     21
 1933 -0.377 -0.477 -0.364 -0.252 -0.198 -0.174 -0.151 -0.125 -0.094 -0.022 -0.370 -0.766 -0.281
 1933     21     21     22     22     22     22     22     22     22     22     22     22
 1934 -0.094 -0.076 -0.322 -0.361  0.147  0.008  0.046  0.010 -0.128 -0.104  0.017  0.016 -0.070
 1934     22     22     22     22     22     22     22     22     22     22     22     22
 1935 -0.362  0.494 -0.033 -0.538 -0.424 -0.176 -0.070 -0.111 -0.217  0.078 -0.407 -0.252 -0.168
 1935     22     22     22     22     22     22     22     22     22     22     22     22
 1936 -0.207 -0.699 -0.282 -0.330 -0.151 -0.081  0.267  0.060 -0.091 -0.002  0.016  0.125 -0.115
 1936     22     23     23     23     23     23     23     23     23     23     23     23
 1937 -0.298  0.034 -0.519 -0.343 -0.109  0.046 -0.065  0.161  0.154  0.195  0.097 -0.220 -0.072
 1937     23     23     23     23     23     23     23     23     23     23     23     23
 1938  0.020  0.076  0.292  0.217  0.105 -0.031  0.051 -0.011  0.176  0.379  0.196 -0.248  0.102
 1938     23     23     23     23     23     23     23     23     23     23     23     23
 1939  0.173 -0.018 -0.449 -0.219  0.100  0.136 -0.057  0.010 -0.218 -0.316 -0.182  0.408 -0.053
 1939     23     24     23     24     24     23     24     24     24     23     23     23
 1940 -0.616 -0.131 -0.081 -0.110 -0.189  0.173  0.147  0.013  0.139 -0.018 -0.117  0.340 -0.037
 1940     23     23     23     23     23     23     23     23     24     24     24     23
 1941 -0.153  0.083 -0.242  0.039 -0.033  0.125  0.189  0.040 -0.220  0.137 -0.138 -0.039 -0.018
 1941     25     25     25     25     25     25     25     25     25     25     25     25
 1942  0.093 -0.296 -0.092 -0.041 -0.099  0.067 -0.127  0.053  0.104  0.011  0.038 -0.093 -0.032
 1942     25     25     25     25     25     25     25     25     25     25     25     25
 1943 -0.340  0.117 -0.270 -0.004 -0.073 -0.278 -0.004 -0.299 -0.038  0.315 -0.129  0.189 -0.068
 1943     26     26     26     26     25     26     25     25     25     25     25     25
 1944  0.491  0.143 -0.030 -0.168 -0.156 -0.006  0.109  0.168  0.386  0.282 -0.028 -0.302  0.074
 1944     25     25     25     25     25     25     25     25     25     25     26     25
 1945 -0.195 -0.367 -0.131  0.126 -0.342 -0.127 -0.194  0.408  0.119  0.059 -0.122 -0.544 -0.109
 1945     25     26     26     25     25     26     26     25     26     26     26     26
 1946  0.039  0.141 -0.261  0.072 -0.058 -0.274  0.008 -0.040  0.071 -0.196 -0.020 -0.432 -0.079
 1946     26     26     26     26     26     26     26     26     26     26     26     26
 1947 -0.158 -0.208 -0.023  0.034 -0.023  0.127 -0.058  0.030 -0.039  0.166  0.011 -0.268 -0.034
 1947     27     27     27     27     27     27     27     27     27     27     27     27
 1948  0.238 -0.130 -0.444 -0.126  0.037  0.110 -0.110 -0.108 -0.003  0.050 -0.107 -0.148 -0.062
 1948     27     27     27     27     27     27     27     27     27     27     27     27
 1949  0.201 -0.393 -0.375 -0.224 -0.168 -0.220 -0.114 -0.059 -0.095  0.015 -0.020 -0.291 -0.145
 1949     28     28     28     28     28     28     28     28     28     28     28     28
 1950 -0.596 -0.359 -0.250 -0.278 -0.170 -0.101 -0.191 -0.310 -0.173 -0.287 -0.638 -0.306 -0.305
 1950     29     29     29     29     29     29     29     29     29     29     29     29
 1951 -0.497 -0.697 -0.322 -0.183 -0.074 -0.076 -0.057  0.027  0.095  0.030 -0.030  0.228 -0.130
 1951     33     33     33     33     33     33     34     34     34     34     34     34
 1952  0.281  0.076 -0.252 -0.068 -0.056 -0.088  0.061  0.052  0.067 -0.107 -0.427 -0.121 -0.048
 1952     34     34     34     34     34     34     34     34     34     34     34     34
 1953  0.075  0.102  0.169  0.095 -0.033  0.082 -0.152  0.060  0.059  0.072 -0.124  0.151  0.046
 1953     34     34     34     34     34     34     34     34     34     34     34     34
 1954 -0.444 -0.203 -0.271 -0.282 -0.319 -0.190 -0.233 -0.102 -0.055 -0.017  0.114 -0.217 -0.185
 1954     35     35     35     35     35     35     35     35     35     35     35     35
 1955  0.224 -0.095 -0.627 -0.360 -0.256 -0.147 -0.291 -0.041 -0.046 -0.073 -0.332 -0.418 -0.205
 1955     35     35     35     35     35     35     35     35     35     35     35     35
 1956 -0.418 -0.653 -0.513 -0.471 -0.459 -0.299 -0.256 -0.369 -0.404 -0.264 -0.483 -0.411 -0.417
 1956     35     35     36     36     36     36     36     36     36     36     35     35
 1957 -0.277 -0.228 -0.312 -0.136 -0.082  0.039 -0.220 -0.013  0.012 -0.037  0.183  0.356 -0.060
 1957     36     36     36     36     36     35     35     35     35     36     36     36
 1958  0.399  0.237  0.047  0.113  0.066 -0.022  0.066 -0.093 -0.130  0.027  0.134 -0.006  0.070
 1958     36     36     36     36     35     35     36     36     36     36     36     36
 1959  0.057  0.042  0.154  0.021 -0.187  0.080  0.060 -0.029  0.021 -0.156 -0.186 -0.027 -0.013
 1959     36     36     36     36     36     36     36     36     36     36     36     36
 1960  0.050  0.295 -0.583 -0.298 -0.416 -0.004 -0.142 -0.055  0.022  0.046 -0.187  0.178 -0.091
 1960     36     36     36     36     36     36     36     36     36     36     36     36
 1961  0.074  0.210  0.084  0.077  0.077  0.053 -0.043 -0.004  0.064  0.028 -0.009 -0.155  0.038
 1961     36     36     36     36     36     36     36     36     36     36     36     36
 1962  0.074  0.165 -0.061 -0.072 -0.138 -0.079 -0.115 -0.054  0.021  0.118  0.077  0.039 -0.002
 1962     36     36     36     36     36     36     36     36     36     36     36     36
 1963 -0.169  0.282 -0.217 -0.211 -0.126 -0.103  0.074  0.015  0.109  0.309  0.101 -0.105 -0.004
 1963     37     37     37     37     37     37     37     37     37     36     37     37
 1964  0.008 -0.284 -0.367 -0.254 -0.168 -0.292 -0.220 -0.284 -0.221 -0.398 -0.266 -0.507 -0.271
 1964     36     37     37     36     36     36     36     36     37     37     37     36
 1965 -0.106 -0.308 -0.296 -0.439 -0.208 -0.016 -0.294 -0.182 -0.137 -0.057 -0.196 -0.101 -0.195
 1965     37     37     37     37     36     36     37     36     37     37     36     36
 1966 -0.143 -0.063 -0.039 -0.198 -0.192  0.097 -0.024 -0.088 -0.078 -0.174 -0.150 -0.425 -0.123
 1966     37     37     37     37     37     37     37     37     37     37     37     37
 1967 -0.191 -0.382 -0.209 -0.076  0.079 -0.274 -0.179 -0.092 -0.142  0.254 -0.077 -0.165 -0.121
 1967     37     37     37     37     37     37     37     37     37     37     37     37
 1968 -0.316 -0.305  0.181 -0.280 -0.398 -0.290 -0.131 -0.183 -0.198 -0.118 -0.125 -0.308 -0.206
 1968     37     37     37     37     37     37     37     37     37     37     37     37
 1969 -0.465 -0.477 -0.154  0.052  0.031 -0.065  0.073  0.019 -0.084 -0.057  0.133  0.176 -0.068
 1969     37     37     37     37     37     37     37     37     37     37     37     37
 1970 -0.040  0.312 -0.193  0.082 -0.077  0.136  0.002 -0.028  0.011 -0.106 -0.116 -0.285 -0.025
 1970     37     37     37     37     37     37     37     37     37     37     37     37
 1971 -0.100 -0.381 -0.386 -0.347 -0.348 -0.326 -0.123 -0.096  0.009 -0.075 -0.097 -0.119 -0.199
 1971     36     36     36     36     36     36     36     36     36     36     36     36
 1972 -0.635 -0.593 -0.294 -0.191 -0.113  0.030 -0.037 -0.084 -0.120 -0.104 -0.101  0.182 -0.172
 1972     36     36     36     36     35     35     35     35     35     35     35     35
 1973  0.274  0.442  0.393  0.219  0.141  0.260  0.090  0.028 -0.057  0.028 -0.160 -0.088  0.131
 1973     35     35     35     35     35     35     35     35     35     35     35     35
 1974 -0.459 -0.578 -0.245 -0.213 -0.252 -0.226 -0.082 -0.192 -0.328 -0.348 -0.285 -0.337 -0.295
 1974     35     35     35     35     35     35     35     35     35     35     35     34
 1975  0.021 -0.101 -0.065 -0.053 -0.028 -0.026 -0.040 -0.177  0.049 -0.249 -0.300 -0.336 -0.109
 1975     35     35     35     35     35     35     34     34     34     34     34     33
 1976 -0.209 -0.357 -0.698 -0.273 -0.319 -0.285 -0.266 -0.299 -0.262 -0.601 -0.412 -0.210 -0.349
 1976     35     35     35     35     35     35     35     34     34     34     34     34
 1977 -0.404  0.148  0.273  0.188  0.010  0.147  0.036 -0.018  0.017  0.069  0.295  0.020  0.065
 1977     35     35     35     34     34     34     34     34     34     34     34     34
 1978  0.018  0.038  0.134 -0.003 -0.052 -0.157 -0.032 -0.234 -0.080 -0.118  0.043 -0.116 -0.047
 1978     35     35     35     34     35     34     34     34     34     34     34     34
 1979 -0.077 -0.175  0.084 -0.178 -0.084  0.100  0.050  0.124  0.071  0.184  0.131  0.580  0.068
 1979     34     34     34     34     34     34     33     34     34     34     34     34
 1980  0.078  0.171 -0.000  0.214  0.290  0.125  0.007  0.071  0.083  0.085  0.278  0.134  0.128
 1980     34     34     34     34     34     34     34     33     33     34     33     33
 1981  0.523  0.479  0.419  0.370  0.151  0.082  0.082  0.166  0.090 -0.052  0.048  0.416  0.231
 1981     35     35     35     35     34     35     35     35     35     35     35     35
 1982 -0.051  0.048 -0.153  0.017  0.075 -0.094 -0.007  0.107  0.109 -0.104  0.009  0.412  0.031
 1982     34     34     34     34     34     34     34     35     35     35     35     34
 1983  0.629  0.531  0.355  0.197  0.225  0.112  0.232  0.283  0.319  0.199  0.454  0.122  0.305
 1983     34     35     35     35     35     34     34     34     35     35     35     34
 1984  0.033 -0.051 -0.010 -0.083  0.155 -0.002 -0.026  0.012 -0.123  0.084 -0.149 -0.412 -0.048
 1984     35     35     35     35     34     35     35     34     34     34     35     34
 1985  0.051 -0.225 -0.006  0.040  0.091 -0.058 -0.047  0.152 -0.013  0.028 -0.058  0.020 -0.002
 1985     35     35     35     35     35     34     34     35     35     35     35     35
 1986  0.392  0.154  0.217  0.289  0.211  0.189 -0.008  0.035 -0.007 -0.016 -0.071  0.106  0.124
 1986     35     35     35     35     34     34     34     34     34     35     35     35
 1987  0.253  0.633 -0.042  0.304  0.170  0.243  0.358  0.192  0.279  0.235  0.243  0.545  0.284
 1987     35     35     35     35     34     34     35     34     35     35     35     35
 1988  0.576  0.238  0.423  0.325  0.305  0.362  0.296  0.327  0.366  0.359  0.121  0.356  0.338
 1988     35     34     35     34     34     34     34     34     34     34     34     34
 1989  0.182  0.317  0.273  0.212  0.165  0.160  0.169  0.193  0.187  0.292  0.107  0.264  0.210
 1989     34     34     34     34     34     34     34     34     34     34     34     34
 1990  0.434  0.434  0.879  0.439  0.324  0.361  0.226  0.324  0.192  0.455  0.634  0.395  0.425
 1990     33     33     33     33     33     33     33     32     32     32     32     32
 1991  0.370  0.509  0.320  0.489  0.322  0.502  0.348  0.286  0.352  0.259  0.117  0.094  0.331
 1991     32     31     31     31     30     31     30     30     30     30     30     30
 1992  0.553  0.428  0.437  0.169  0.196  0.172 -0.176 -0.018 -0.116 -0.136 -0.205  0.085  0.116
 1992     31     30     30     30     31     30     30     30     31     30     31     30
 1993  0.376  0.234  0.303  0.272  0.316  0.243  0.236  0.191 -0.063  0.136 -0.176  0.286  0.196
 1993     31     31     30     31     30     30     30     30     30     30     30     30
 1994  0.369 -0.152  0.268  0.380  0.446  0.392  0.252  0.286  0.340  0.350  0.507  0.518  0.330
 1994     31     31     31     30     30     30     31     30     30     31     31     30
 1995  0.669  0.788  0.364  0.330  0.318  0.478  0.377  0.544  0.445  0.532  0.428  0.245  0.460
 1995     31     30     31     31     30     31     30     31     30     30     30     30
 1996  0.153  0.318  0.094  0.015  0.300  0.277  0.248  0.287  0.131  0.201  0.120  0.342  0.207
 1996     31     30     30     30     30     30     30     30     30     30     30     30
 1997  0.359  0.530  0.313  0.218  0.318  0.518  0.489  0.470  0.622  0.526  0.543  0.759  0.472
 1997     30     30     30     30     30     29     30     30     30     30     30     30
 1998  0.716  1.322  0.756  0.924  0.842  0.817  0.917  0.856  0.657  0.689  0.369  0.714  0.798
 1998     30     31     30     30     29     31     30     31     30     30     30     30
 1999  0.687  0.928  0.361  0.373  0.425  0.438  0.473  0.447  0.568  0.456  0.303  0.564  0.502
 1999     30     31     30     30     30     30     30     30     30     30     30     30
 2000  0.247  0.656  0.534  0.698  0.372  0.367  0.298  0.433  0.385  0.274  0.081  0.198  0.379
 2000     30     30     30     30     29     30     30     30     30     30     29     29
 2001  0.619  0.499  0.651  0.533  0.521  0.494  0.524  0.752  0.524  0.540  0.669  0.378  0.559
 2001     27     28     28     28     26     27     27     28     28     28     27     27
 2002  0.909  0.987  0.873  0.673  0.572  0.509  0.655  0.578  0.638  0.457  0.619  0.357  0.652
 2002     27     27     28     28     28     28     28     28     29     28     29     28
 2003  0.795  0.570  0.458  0.540  0.755  0.776  0.547  0.586  0.628  0.654  0.608  0.834  0.646
 2003     28     28     27     28     28     28     27     27     28     29     28     28
 2004  0.724  0.894  0.809  0.717  0.263  0.560  0.396  0.428  0.506  0.787  0.829  0.541  0.621
 2004     29     28     28     27     27     27     28     27     27     27     26     28
 2005  0.757  0.556  0.765  0.874  0.677  0.820  0.806  0.651  0.730  0.831  0.853  0.547  0.739
 2005     28     27     27     27     27     27     27     27     27     26     27     27
 2006  0.654  0.732  0.638  0.556  0.318  0.668  0.830  0.609  0.621  0.875  0.697  0.845  0.670
 2006     26     27     27     27     26     27     27     26     26     26     27     26
 2007  1.080  0.847  0.744  0.832  0.601  0.425  0.377  0.529  0.764  0.776  0.520  0.519  0.668
 2007     27     26     26     26     26     28     27     26     28     27     26     27
 2008  0.263  0.368  0.900  0.398  0.310  0.466  0.677  0.491  0.518  0.789  0.763  0.541  0.540
 2008     27     26     26     27     27     27     26     27     27     27     27     27
 2009  0.575  0.727  0.618  0.696  0.540  0.553  0.495  0.870  0.754  0.610  0.721  0.437  0.633
 2009     28     29     28     27     28     28     28     28     27     28     28     29
 2010  0.674  0.703  0.921  0.789  0.736  0.832  0.764  0.684  0.670  0.621  0.810  0.281  0.707
 2010     28     28     28     28     28     27     28     28     27     27     28     27
 2011  0.254  0.277  0.336  0.697  0.424  0.677  0.659  0.667  0.741  0.698  0.562  0.544  0.545
 2011     27     27     27     27     27     26     27     27     26     27     27     27
 2012  0.417  0.165  0.519  0.808  0.763  0.782  0.620  0.776  0.781  0.761  0.796  0.349  0.628
 2012     27     27     27     27     27     28     27     27     28     26     28     27
 2013  0.850  0.830  0.639  0.570  0.670  0.774  0.635  0.607  0.730  0.755  0.782  0.724  0.714
 2013     27     27     28     28     28     27     27     27     27     27     27     26
 2014  0.847  0.395  0.720  0.871  0.825  0.000  0.000  0.000  0.000  0.000  0.000  0.000  0.732
 2014     26     27     27     27     27      0      0      0      0      0      0      0
